{
  "advancedEditorSelectedIdentifier" : "ProjectBrowser",
  "openSceneRelativePaths" : [
    "Immersive.usda",
    "Scene.usda",
    "MainImmersive.usda",
    "ConfigurationAnchor.usda"
  ],
  "recentIdentifiers" : {
    "8DD8B9AC-DD77-42FD-8453-469F62E87E91" : [

    ],
    "A7C58C2E-EC1A-4666-9541-8F393788057F" : [

    ]
  },
  "sceneCameraHistory" : {
    "2ABBB449-5498-4ED1-A61A-F60CB6668E1E" : [
      {
        "date" : 730049703.142684,
        "title" : "Untitled",
        "transform" : [
          1,
          0,
          -0,
          0,
          -0,
          0.8603145,
          -0.5097636,
          0,
          0,
          0.5097636,
          0.8603145,
          0,
          0,
          0.28987104,
          0.45617205,
          1
        ]
      }
    ],
    "8DD8B9AC-DD77-42FD-8453-469F62E87E91" : [
      {
        "date" : 729786569.630896,
        "title" : "Untitled",
        "transform" : [
          0.9999995,
          -6.559365e-12,
          -0.0010015051,
          0,
          -0.00042314795,
          0.9063574,
          -0.42251185,
          0,
          0.0009077215,
          0.42251205,
          0.90635693,
          0,
          0.05070036,
          0.9578924,
          2.1069124,
          1
        ]
      },
      {
        "date" : 729786553.21142,
        "title" : "Untitled",
        "transform" : [
          0.99999994,
          0,
          0,
          0,
          0,
          0.8660254,
          -0.49999988,
          0,
          0,
          0.49999988,
          0.8660254,
          0,
          0.16946061,
          1.6236583,
          1.3190215,
          1
        ]
      },
      {
        "date" : 729786530.542904,
        "title" : "Untitled",
        "transform" : [
          0.99999994,
          0,
          0,
          0,
          0,
          0.8660254,
          -0.49999988,
          0,
          0,
          0.49999988,
          0.8660254,
          0,
          -0.08234213,
          0.7385606,
          1.8300328,
          1
        ]
      },
      {
        "date" : 729786397.150752,
        "title" : "Untitled",
        "transform" : [
          0.99999994,
          0,
          0,
          0,
          0,
          0.8660254,
          -0.49999988,
          0,
          0,
          0.49999988,
          0.8660254,
          0,
          -0.5471914,
          0.67632467,
          1.7222369,
          1
        ]
      },
      {
        "date" : 729786379.39251,
        "title" : "Untitled",
        "transform" : [
          0.99999994,
          0,
          0,
          0,
          0,
          0.8660254,
          -0.49999988,
          0,
          0,
          0.49999988,
          0.8660254,
          0,
          -0.38816634,
          0.654723,
          1.7347084,
          1
        ]
      },
      {
        "date" : 729786374.342587,
        "title" : "Untitled",
        "transform" : [
          0.99999994,
          0,
          0,
          0,
          0,
          0.8660254,
          -0.49999988,
          0,
          0,
          0.49999988,
          0.8660254,
          0,
          -0.17613208,
          0.4872976,
          1.8313713,
          1
        ]
      },
      {
        "date" : 729786359.789837,
        "title" : "Untitled",
        "transform" : [
          0.99999994,
          0,
          0,
          0,
          0,
          0.8660254,
          -0.49999988,
          0,
          0,
          0.49999988,
          0.8660254,
          0,
          -0.042554334,
          -0.34732217,
          2.3132396,
          1
        ]
      },
      {
        "date" : 729722393.139286,
        "title" : "Untitled",
        "transform" : [
          0.99999994,
          0,
          0,
          0,
          0,
          0.8660254,
          -0.49999988,
          0,
          0,
          0.49999988,
          0.8660254,
          0,
          -0.059248585,
          0.4982853,
          1.8250281,
          1
        ]
      },
      {
        "date" : 729722391.08818,
        "title" : "Untitled",
        "transform" : [
          0.99999994,
          0,
          0,
          0,
          0,
          0.8660254,
          -0.49999988,
          0,
          0,
          0.49999988,
          0.8660254,
          0,
          -0.09385901,
          0.48810568,
          1.8073963,
          1
        ]
      },
      {
        "date" : 729722256.83481,
        "title" : "Untitled",
        "transform" : [
          0.99999994,
          0,
          0,
          0,
          0,
          0.8660254,
          -0.49999988,
          0,
          0,
          0.49999988,
          0.8660254,
          0,
          -0.14594874,
          1.9152911,
          2.3313637,
          1
        ]
      }
    ],
    "A7C58C2E-EC1A-4666-9541-8F393788057F" : [
      {
        "date" : 730049404.478198,
        "title" : "Untitled",
        "transform" : [
          0.99999994,
          0,
          0,
          0,
          0,
          0.8660254,
          -0.49999988,
          0,
          0,
          0.49999988,
          0.8660254,
          0,
          -0.10323297,
          0.285743,
          0.4581443,
          1
        ]
      },
      {
        "date" : 730049320.580176,
        "title" : "Untitled",
        "transform" : [
          0.99999994,
          0,
          0,
          0,
          0,
          0.8660254,
          -0.49999988,
          0,
          0,
          0.49999988,
          0.8660254,
          0,
          0.0150628425,
          0.14478019,
          0.14698464,
          1
        ]
      },
      {
        "date" : 730049298.032511,
        "title" : "Untitled",
        "transform" : [
          0.99999994,
          0,
          0,
          0,
          0,
          0.8660254,
          -0.49999988,
          0,
          0,
          0.49999988,
          0.8660254,
          0,
          0.0150628425,
          0.14478019,
          0.14698464,
          1
        ]
      },
      {
        "date" : 730049288.310643,
        "title" : "Untitled",
        "transform" : [
          0.99999994,
          0,
          0,
          0,
          0,
          0.8660254,
          -0.49999988,
          0,
          0,
          0.49999988,
          0.8660254,
          0,
          0.017270569,
          0.12450057,
          0.05423765,
          1
        ]
      },
      {
        "date" : 730049247.492532,
        "title" : "Untitled",
        "transform" : [
          0.99999994,
          0,
          0,
          0,
          0,
          0.8660254,
          -0.49999988,
          0,
          0,
          0.49999988,
          0.8660254,
          0,
          0.00043942372,
          0.13634375,
          0.047399975,
          1
        ]
      },
      {
        "date" : 730049229.477174,
        "title" : "Untitled",
        "transform" : [
          0.99999994,
          0,
          0,
          0,
          0,
          0.8660254,
          -0.49999988,
          0,
          0,
          0.49999988,
          0.8660254,
          0,
          0.00010775775,
          0.10997761,
          0.01689857,
          1
        ]
      },
      {
        "date" : 730049209.309825,
        "title" : "Untitled",
        "transform" : [
          0.99999994,
          0,
          0,
          0,
          0,
          0.8660254,
          -0.49999988,
          0,
          0,
          0.49999988,
          0.8660254,
          0,
          0.022168035,
          0.16540405,
          0.114451885,
          1
        ]
      },
      {
        "date" : 730049201.859226,
        "title" : "Untitled",
        "transform" : [
          0.99999994,
          0,
          0,
          0,
          0,
          0.8660254,
          -0.49999988,
          0,
          0,
          0.49999988,
          0.8660254,
          0,
          0.013441587,
          0.115903765,
          0.1430308,
          1
        ]
      },
      {
        "date" : 730049188.308631,
        "title" : "Untitled",
        "transform" : [
          0.99999994,
          0,
          0,
          0,
          0,
          0.8660254,
          -0.49999988,
          0,
          0,
          0.49999988,
          0.8660254,
          0,
          0.009338433,
          0.15194556,
          0.12222208,
          1
        ]
      },
      {
        "date" : 730049176.99044,
        "title" : "Untitled",
        "transform" : [
          0.99999994,
          0,
          0,
          0,
          0,
          0.8660254,
          -0.49999988,
          0,
          0,
          0.49999988,
          0.8660254,
          0,
          0.015694974,
          0.17836921,
          0.10696638,
          1
        ]
      }
    ],
    "AF09ED6F-1707-48FD-8720-65B998362C09" : [
      {
        "date" : 729721417.34605,
        "title" : "Untitled",
        "transform" : [
          0.99999994,
          0,
          -0,
          0,
          -0,
          0.8660248,
          -0.50000113,
          0,
          0,
          0.50000113,
          0.8660248,
          0,
          0,
          3.551791,
          4.0345435,
          1
        ]
      }
    ],
    "D66134B1-3681-4A8E-AFE5-29F257229F3B" : [
      {
        "date" : 729721487.067932,
        "title" : "Untitled",
        "transform" : [
          0.99999994,
          0,
          -0,
          0,
          -0,
          0.8660254,
          -0.49999988,
          0,
          0,
          0.49999988,
          0.8660254,
          0,
          0,
          0.20348327,
          0.35264337,
          1
        ]
      }
    ]
  },
  "selectedSceneRelativePath" : "ConfigurationAnchor.usda"
}