{
  "advancedEditorSelectedIdentifier" : "ShaderGraphEditorPluginID",
  "openSceneRelativePaths" : [
    "PianoNote.usda",
    "Materials.usda"
  ],
  "recentIdentifiers" : {
    "8DD8B9AC-DD77-42FD-8453-469F62E87E91" : [

    ],
    "9B498449-1512-4FC6-8164-29B86D250F79" : [

    ],
    "61B95177-8B01-4A49-9F1C-274BDE1A346A" : [

    ],
    "66B3E73B-5E29-4ACF-98C0-34C8B9E68AC3" : [

    ],
    "4858F0E6-DFC5-4E71-9869-6DF926180741" : [

    ],
    "A7C58C2E-EC1A-4666-9541-8F393788057F" : [

    ],
    "E8B5DB6C-C2A9-4BA6-B49A-358FDB940C78" : [

    ],
    "F5762ACE-4638-42E2-982B-A3889A67C61B" : [

    ]
  },
  "sceneCameraHistory" : {
    "2ABBB449-5498-4ED1-A61A-F60CB6668E1E" : [
      {
        "date" : 730081122.371721,
        "title" : "Untitled",
        "transform" : [
          1,
          0,
          -0,
          0,
          -0,
          0.8603145,
          -0.5097636,
          0,
          0,
          0.5097636,
          0.8603145,
          0,
          0,
          0.28986964,
          0.4561697,
          1
        ]
      },
      {
        "date" : 730049703.142684,
        "title" : "Untitled",
        "transform" : [
          1,
          0,
          -0,
          0,
          -0,
          0.8603145,
          -0.5097636,
          0,
          0,
          0.5097636,
          0.8603145,
          0,
          0,
          0.28987104,
          0.45617205,
          1
        ]
      }
    ],
    "8DD8B9AC-DD77-42FD-8453-469F62E87E91" : [
      {
        "date" : 729786569.630896,
        "title" : "Untitled",
        "transform" : [
          0.9999995,
          -6.559365e-12,
          -0.0010015051,
          0,
          -0.00042314795,
          0.9063574,
          -0.42251185,
          0,
          0.0009077215,
          0.42251205,
          0.90635693,
          0,
          0.05070036,
          0.9578924,
          2.1069124,
          1
        ]
      },
      {
        "date" : 729786553.21142,
        "title" : "Untitled",
        "transform" : [
          0.99999994,
          0,
          0,
          0,
          0,
          0.8660254,
          -0.49999988,
          0,
          0,
          0.49999988,
          0.8660254,
          0,
          0.16946061,
          1.6236583,
          1.3190215,
          1
        ]
      },
      {
        "date" : 729786530.542904,
        "title" : "Untitled",
        "transform" : [
          0.99999994,
          0,
          0,
          0,
          0,
          0.8660254,
          -0.49999988,
          0,
          0,
          0.49999988,
          0.8660254,
          0,
          -0.08234213,
          0.7385606,
          1.8300328,
          1
        ]
      },
      {
        "date" : 729786397.150752,
        "title" : "Untitled",
        "transform" : [
          0.99999994,
          0,
          0,
          0,
          0,
          0.8660254,
          -0.49999988,
          0,
          0,
          0.49999988,
          0.8660254,
          0,
          -0.5471914,
          0.67632467,
          1.7222369,
          1
        ]
      },
      {
        "date" : 729786379.39251,
        "title" : "Untitled",
        "transform" : [
          0.99999994,
          0,
          0,
          0,
          0,
          0.8660254,
          -0.49999988,
          0,
          0,
          0.49999988,
          0.8660254,
          0,
          -0.38816634,
          0.654723,
          1.7347084,
          1
        ]
      },
      {
        "date" : 729786374.342587,
        "title" : "Untitled",
        "transform" : [
          0.99999994,
          0,
          0,
          0,
          0,
          0.8660254,
          -0.49999988,
          0,
          0,
          0.49999988,
          0.8660254,
          0,
          -0.17613208,
          0.4872976,
          1.8313713,
          1
        ]
      },
      {
        "date" : 729786359.789837,
        "title" : "Untitled",
        "transform" : [
          0.99999994,
          0,
          0,
          0,
          0,
          0.8660254,
          -0.49999988,
          0,
          0,
          0.49999988,
          0.8660254,
          0,
          -0.042554334,
          -0.34732217,
          2.3132396,
          1
        ]
      },
      {
        "date" : 729722393.139286,
        "title" : "Untitled",
        "transform" : [
          0.99999994,
          0,
          0,
          0,
          0,
          0.8660254,
          -0.49999988,
          0,
          0,
          0.49999988,
          0.8660254,
          0,
          -0.059248585,
          0.4982853,
          1.8250281,
          1
        ]
      },
      {
        "date" : 729722391.08818,
        "title" : "Untitled",
        "transform" : [
          0.99999994,
          0,
          0,
          0,
          0,
          0.8660254,
          -0.49999988,
          0,
          0,
          0.49999988,
          0.8660254,
          0,
          -0.09385901,
          0.48810568,
          1.8073963,
          1
        ]
      },
      {
        "date" : 729722256.83481,
        "title" : "Untitled",
        "transform" : [
          0.99999994,
          0,
          0,
          0,
          0,
          0.8660254,
          -0.49999988,
          0,
          0,
          0.49999988,
          0.8660254,
          0,
          -0.14594874,
          1.9152911,
          2.3313637,
          1
        ]
      }
    ],
    "9B498449-1512-4FC6-8164-29B86D250F79" : [
      {
        "date" : 734840201.272404,
        "title" : "Untitled",
        "transform" : [
          0.99999994,
          0,
          -0,
          0,
          -0,
          0.8660254,
          -0.49999988,
          0,
          0,
          0.49999988,
          0.8660254,
          0,
          0,
          0.06664874,
          0.13233861,
          1
        ]
      },
      {
        "date" : 734840196.128654,
        "title" : "Untitled",
        "transform" : [
          0.99999994,
          0,
          -0,
          0,
          -0,
          0.8660254,
          -0.49999988,
          0,
          0,
          0.49999988,
          0.8660254,
          0,
          0,
          0.2218789,
          0.3843056,
          1
        ]
      }
    ],
    "61B95177-8B01-4A49-9F1C-274BDE1A346A" : [
      {
        "date" : 734839111.636117,
        "title" : "Untitled",
        "transform" : [
          1,
          0,
          -0,
          0,
          -0,
          0.8660254,
          -0.5,
          0,
          0,
          0.5,
          0.8660254,
          0,
          0,
          0.23875366,
          0.4135335,
          1
        ]
      }
    ],
    "66B3E73B-5E29-4ACF-98C0-34C8B9E68AC3" : [
      {
        "date" : 730581210.689778,
        "title" : "Untitled",
        "transform" : [
          0.99999994,
          0,
          -0,
          0,
          -0,
          0.8660254,
          -0.49999988,
          0,
          0,
          0.49999988,
          0.8660254,
          0,
          0,
          0.2218789,
          0.3843056,
          1
        ]
      }
    ],
    "4858F0E6-DFC5-4E71-9869-6DF926180741" : [
      {
        "date" : 730498104.067906,
        "title" : "Untitled",
        "transform" : [
          0.99999976,
          -1.7939062e-11,
          0.00073450856,
          0,
          8.8192726e-05,
          0.9927654,
          -0.120070376,
          0,
          -0.00072919455,
          0.12007039,
          0.99276507,
          0,
          0.12970841,
          0.23715198,
          0.6312778,
          1
        ]
      },
      {
        "date" : 730498076.868214,
        "title" : "Untitled",
        "transform" : [
          0.99999976,
          -1.7939062e-11,
          0.00073450856,
          0,
          8.8192726e-05,
          0.9927654,
          -0.120070376,
          0,
          -0.00072919455,
          0.12007039,
          0.99276507,
          0,
          0.1925149,
          0.21439338,
          0.63407636,
          1
        ]
      },
      {
        "date" : 730498002.842715,
        "title" : "Untitled",
        "transform" : [
          0.99999976,
          -1.7939062e-11,
          0.00073450856,
          0,
          8.8192726e-05,
          0.9927654,
          -0.120070376,
          0,
          -0.00072919455,
          0.12007039,
          0.99276507,
          0,
          0.17548221,
          0.26513243,
          0.627927,
          1
        ]
      },
      {
        "date" : 730497970.838973,
        "title" : "Untitled",
        "transform" : [
          0.99999976,
          -1.7939062e-11,
          0.00073450856,
          0,
          8.8192726e-05,
          0.9927654,
          -0.120070376,
          0,
          -0.00072919455,
          0.12007039,
          0.99276507,
          0,
          0.2967586,
          0.26513243,
          0.62801594,
          1
        ]
      },
      {
        "date" : 730497965.257195,
        "title" : "Untitled",
        "transform" : [
          0.99999976,
          -1.7939062e-11,
          0.00073450856,
          0,
          8.8192726e-05,
          0.9927654,
          -0.120070376,
          0,
          -0.00072919455,
          0.12007039,
          0.99276507,
          0,
          0.2968609,
          0.24829039,
          0.48876283,
          1
        ]
      },
      {
        "date" : 730497921.112375,
        "title" : "Untitled",
        "transform" : [
          0.99999976,
          -1.7939062e-11,
          0.00073450856,
          0,
          8.8192726e-05,
          0.9927654,
          -0.120070376,
          0,
          -0.00072919455,
          0.12007039,
          0.99276507,
          0,
          0.1876255,
          0.20787117,
          0.4935711,
          1
        ]
      },
      {
        "date" : 730497728.170737,
        "title" : "Untitled",
        "transform" : [
          0.99999976,
          -1.7939062e-11,
          0.00073450856,
          0,
          8.8192726e-05,
          0.9927654,
          -0.120070376,
          0,
          -0.00072919455,
          0.12007039,
          0.99276507,
          0,
          0.039620146,
          0.21357903,
          0.49277207,
          1
        ]
      },
      {
        "date" : 730497700.010937,
        "title" : "Untitled",
        "transform" : [
          0.99999976,
          -1.7939062e-11,
          0.00073450856,
          0,
          8.8192726e-05,
          0.9927654,
          -0.120070376,
          0,
          -0.00072919455,
          0.12007039,
          0.99276507,
          0,
          0.011835277,
          0.27161098,
          0.485733,
          1
        ]
      },
      {
        "date" : 730497691.468543,
        "title" : "Untitled",
        "transform" : [
          0.99999964,
          -1.793906e-11,
          0.00073450845,
          0,
          8.819272e-05,
          0.9927653,
          -0.12007036,
          0,
          -0.00072919455,
          0.12007039,
          0.99276507,
          0,
          0.0027862254,
          0.12634829,
          1.038871,
          1
        ]
      },
      {
        "date" : 730497662.04648,
        "title" : "Untitled",
        "transform" : [
          0.99999994,
          0,
          0,
          0,
          0,
          0.8660254,
          -0.49999988,
          0,
          0,
          0.49999988,
          0.8660254,
          0,
          0.0035492848,
          0.52386516,
          0.90596765,
          1
        ]
      }
    ],
    "63662519-0D29-44C7-AF21-09964BFCEF9C" : [
      {
        "date" : 734840180.566549,
        "title" : "Untitled",
        "transform" : [
          0.99999994,
          0,
          -0,
          0,
          -0,
          0.8660254,
          -0.49999988,
          0,
          0,
          0.49999988,
          0.8660254,
          0,
          0,
          0.2218789,
          0.3843056,
          1
        ]
      }
    ],
    "A7C58C2E-EC1A-4666-9541-8F393788057F" : [
      {
        "date" : 730049404.478198,
        "title" : "Untitled",
        "transform" : [
          0.99999994,
          0,
          0,
          0,
          0,
          0.8660254,
          -0.49999988,
          0,
          0,
          0.49999988,
          0.8660254,
          0,
          -0.10323297,
          0.285743,
          0.4581443,
          1
        ]
      },
      {
        "date" : 730049320.580176,
        "title" : "Untitled",
        "transform" : [
          0.99999994,
          0,
          0,
          0,
          0,
          0.8660254,
          -0.49999988,
          0,
          0,
          0.49999988,
          0.8660254,
          0,
          0.0150628425,
          0.14478019,
          0.14698464,
          1
        ]
      },
      {
        "date" : 730049298.032511,
        "title" : "Untitled",
        "transform" : [
          0.99999994,
          0,
          0,
          0,
          0,
          0.8660254,
          -0.49999988,
          0,
          0,
          0.49999988,
          0.8660254,
          0,
          0.0150628425,
          0.14478019,
          0.14698464,
          1
        ]
      },
      {
        "date" : 730049288.310643,
        "title" : "Untitled",
        "transform" : [
          0.99999994,
          0,
          0,
          0,
          0,
          0.8660254,
          -0.49999988,
          0,
          0,
          0.49999988,
          0.8660254,
          0,
          0.017270569,
          0.12450057,
          0.05423765,
          1
        ]
      },
      {
        "date" : 730049247.492532,
        "title" : "Untitled",
        "transform" : [
          0.99999994,
          0,
          0,
          0,
          0,
          0.8660254,
          -0.49999988,
          0,
          0,
          0.49999988,
          0.8660254,
          0,
          0.00043942372,
          0.13634375,
          0.047399975,
          1
        ]
      },
      {
        "date" : 730049229.477174,
        "title" : "Untitled",
        "transform" : [
          0.99999994,
          0,
          0,
          0,
          0,
          0.8660254,
          -0.49999988,
          0,
          0,
          0.49999988,
          0.8660254,
          0,
          0.00010775775,
          0.10997761,
          0.01689857,
          1
        ]
      },
      {
        "date" : 730049209.309825,
        "title" : "Untitled",
        "transform" : [
          0.99999994,
          0,
          0,
          0,
          0,
          0.8660254,
          -0.49999988,
          0,
          0,
          0.49999988,
          0.8660254,
          0,
          0.022168035,
          0.16540405,
          0.114451885,
          1
        ]
      },
      {
        "date" : 730049201.859226,
        "title" : "Untitled",
        "transform" : [
          0.99999994,
          0,
          0,
          0,
          0,
          0.8660254,
          -0.49999988,
          0,
          0,
          0.49999988,
          0.8660254,
          0,
          0.013441587,
          0.115903765,
          0.1430308,
          1
        ]
      },
      {
        "date" : 730049188.308631,
        "title" : "Untitled",
        "transform" : [
          0.99999994,
          0,
          0,
          0,
          0,
          0.8660254,
          -0.49999988,
          0,
          0,
          0.49999988,
          0.8660254,
          0,
          0.009338433,
          0.15194556,
          0.12222208,
          1
        ]
      },
      {
        "date" : 730049176.99044,
        "title" : "Untitled",
        "transform" : [
          0.99999994,
          0,
          0,
          0,
          0,
          0.8660254,
          -0.49999988,
          0,
          0,
          0.49999988,
          0.8660254,
          0,
          0.015694974,
          0.17836921,
          0.10696638,
          1
        ]
      }
    ],
    "AF09ED6F-1707-48FD-8720-65B998362C09" : [
      {
        "date" : 729721417.34605,
        "title" : "Untitled",
        "transform" : [
          0.99999994,
          0,
          -0,
          0,
          -0,
          0.8660248,
          -0.50000113,
          0,
          0,
          0.50000113,
          0.8660248,
          0,
          0,
          3.551791,
          4.0345435,
          1
        ]
      }
    ],
    "C3644974-8367-4D6F-8932-3AC0971D7A27" : [
      {
        "date" : 734840155.084526,
        "title" : "Untitled",
        "transform" : [
          0.99999994,
          0,
          -0,
          0,
          -0,
          0.8660254,
          -0.49999988,
          0,
          0,
          0.49999988,
          0.8660254,
          0,
          0,
          0.2218789,
          0.3843056,
          1
        ]
      }
    ],
    "D66134B1-3681-4A8E-AFE5-29F257229F3B" : [
      {
        "date" : 729721487.067932,
        "title" : "Untitled",
        "transform" : [
          0.99999994,
          0,
          -0,
          0,
          -0,
          0.8660254,
          -0.49999988,
          0,
          0,
          0.49999988,
          0.8660254,
          0,
          0,
          0.20348327,
          0.35264337,
          1
        ]
      }
    ],
    "E8B5DB6C-C2A9-4BA6-B49A-358FDB940C78" : [
      {
        "date" : 735129783.291578,
        "title" : "Untitled",
        "transform" : [
          0.7754813,
          1.3396879e-08,
          -0.63137066,
          0,
          -0.33825362,
          0.8443799,
          -0.41546002,
          0,
          0.5331168,
          0.5357448,
          0.6548007,
          0,
          0.42893082,
          0.42603874,
          0.46293458,
          1
        ]
      },
      {
        "date" : 735100392.578124,
        "title" : "Untitled",
        "transform" : [
          0.7754813,
          1.3396879e-08,
          -0.63137066,
          0,
          -0.33825362,
          0.8443799,
          -0.41546002,
          0,
          0.5331168,
          0.5357448,
          0.6548007,
          0,
          0.43168032,
          0.47295487,
          0.42231,
          1
        ]
      },
      {
        "date" : 735100229.173752,
        "title" : "Untitled",
        "transform" : [
          0.7754813,
          1.3396879e-08,
          -0.63137066,
          0,
          -0.33825362,
          0.8443799,
          -0.41546002,
          0,
          0.5331168,
          0.5357448,
          0.6548007,
          0,
          0.52113736,
          0.50244474,
          0.32534906,
          1
        ]
      },
      {
        "date" : 735100083.800959,
        "title" : "Untitled",
        "transform" : [
          0.7754813,
          1.3396879e-08,
          -0.63137066,
          0,
          -0.33825362,
          0.8443799,
          -0.41546002,
          0,
          0.5331168,
          0.5357448,
          0.6548007,
          0,
          0.6096952,
          0.92314076,
          0.73856544,
          1
        ]
      },
      {
        "date" : 735100075.344204,
        "title" : "Untitled",
        "transform" : [
          0.7754813,
          1.3396879e-08,
          -0.63137066,
          0,
          -0.33825362,
          0.8443799,
          -0.41546002,
          0,
          0.5331168,
          0.5357448,
          0.6548007,
          0,
          2.953177,
          3.5704236,
          4.210905,
          1
        ]
      },
      {
        "date" : 735100068.806445,
        "title" : "Untitled",
        "transform" : [
          0.7754813,
          1.3396879e-08,
          -0.63137066,
          0,
          -0.33825362,
          0.8443799,
          -0.41546002,
          0,
          0.5331168,
          0.5357448,
          0.6548007,
          0,
          0.9742397,
          1.4063818,
          1.4239017,
          1
        ]
      },
      {
        "date" : 735100065.698404,
        "title" : "Untitled",
        "transform" : [
          0.7754813,
          1.3396879e-08,
          -0.63137066,
          0,
          -0.33825362,
          0.8443799,
          -0.41546002,
          0,
          0.5331168,
          0.5357448,
          0.6548007,
          0,
          0.49544477,
          0.80112755,
          0.58360386,
          1
        ]
      },
      {
        "date" : 735100038.776964,
        "title" : "Untitled",
        "transform" : [
          0.7754813,
          1.3396879e-08,
          -0.63137066,
          0,
          -0.33825362,
          0.8443799,
          -0.41546002,
          0,
          0.5331168,
          0.5357448,
          0.6548007,
          0,
          0.39779255,
          0.49645936,
          0.91238225,
          1
        ]
      },
      {
        "date" : 735100013.588352,
        "title" : "Untitled",
        "transform" : [
          0.7754813,
          1.3396879e-08,
          -0.63137066,
          0,
          -0.33825362,
          0.8443799,
          -0.41546002,
          0,
          0.5331168,
          0.5357448,
          0.6548007,
          0,
          0.8035951,
          0.63978845,
          0.46472257,
          1
        ]
      },
      {
        "date" : 735100006.338395,
        "title" : "Untitled",
        "transform" : [
          0.7754813,
          1.3396879e-08,
          -0.63137066,
          0,
          -0.33825362,
          0.8443799,
          -0.41546002,
          0,
          0.5331168,
          0.5357448,
          0.6548007,
          0,
          1.2589265,
          1.2803478,
          2.479239,
          1
        ]
      }
    ],
    "F5762ACE-4638-42E2-982B-A3889A67C61B" : [
      {
        "date" : 735095158.277518,
        "title" : "Untitled",
        "transform" : [
          0.58080435,
          2.8661427e-08,
          -0.8140432,
          0,
          -0.37275428,
          0.8890012,
          -0.26595306,
          0,
          0.7236853,
          0.45790476,
          0.5163358,
          0,
          0.52563787,
          0.37475735,
          0.28890547,
          1
        ]
      },
      {
        "date" : 735095156.806029,
        "title" : "Untitled",
        "transform" : [
          0.58080435,
          2.8661427e-08,
          -0.8140432,
          0,
          -0.37275428,
          0.8890012,
          -0.26595306,
          0,
          0.7236853,
          0.45790476,
          0.5163358,
          0,
          0.54635495,
          0.41460907,
          0.22452691,
          1
        ]
      },
      {
        "date" : 735095130.801735,
        "title" : "Untitled",
        "transform" : [
          0.58080435,
          2.8661427e-08,
          -0.8140432,
          0,
          -0.37275428,
          0.8890012,
          -0.26595306,
          0,
          0.7236853,
          0.45790476,
          0.5163358,
          0,
          0.50740993,
          0.3212067,
          0.36194393,
          1
        ]
      },
      {
        "date" : 735095082.071821,
        "title" : "Untitled",
        "transform" : [
          0.5808043,
          2.9175489e-09,
          -0.81404316,
          0,
          -0.3727543,
          0.8890012,
          -0.2659531,
          0,
          0.7236854,
          0.4579048,
          0.5163358,
          0,
          0.24341726,
          0.20566538,
          0.14471914,
          1
        ]
      },
      {
        "date" : 735095071.528107,
        "title" : "Untitled",
        "transform" : [
          0.5808043,
          2.9175489e-09,
          -0.81404316,
          0,
          -0.3727543,
          0.8890012,
          -0.2659531,
          0,
          0.7236854,
          0.4579048,
          0.5163358,
          0,
          0.25850075,
          0.14008912,
          0.18173377,
          1
        ]
      },
      {
        "date" : 735095040.544318,
        "title" : "Untitled",
        "transform" : [
          0.5808043,
          2.9175489e-09,
          -0.81404316,
          0,
          -0.3727543,
          0.8890012,
          -0.2659531,
          0,
          0.7236854,
          0.4579048,
          0.5163358,
          0,
          0.2680925,
          0.23753424,
          0.08187239,
          1
        ]
      },
      {
        "date" : 735095035.592693,
        "title" : "Untitled",
        "transform" : [
          0.5808043,
          2.9175489e-09,
          -0.81404316,
          0,
          -0.3727543,
          0.8890012,
          -0.2659531,
          0,
          0.7236854,
          0.4579048,
          0.5163358,
          0,
          0.2622956,
          0.12721907,
          0.1878287,
          1
        ]
      },
      {
        "date" : 735094980.971721,
        "title" : "Untitled",
        "transform" : [
          0.5808043,
          1.903794e-09,
          -0.8140432,
          0,
          -0.3727543,
          0.8890012,
          -0.2659531,
          0,
          0.72368556,
          0.45790488,
          0.5163358,
          0,
          0.37587836,
          0.2652983,
          0.14034812,
          1
        ]
      },
      {
        "date" : 735094966.450295,
        "title" : "Untitled",
        "transform" : [
          0.33415002,
          1.7421726e-09,
          -0.9425199,
          0,
          -0.48303795,
          0.85868937,
          -0.17125064,
          0,
          0.8093318,
          0.5124963,
          0.2869311,
          0,
          0.38367712,
          0.28896543,
          0.025615787,
          1
        ]
      },
      {
        "date" : 735094952.052943,
        "title" : "Untitled",
        "transform" : [
          0.99999994,
          0,
          0,
          0,
          0,
          0.8660254,
          -0.49999988,
          0,
          0,
          0.49999988,
          0.8660254,
          0,
          0.024000896,
          0.24245374,
          0.39807025,
          1
        ]
      }
    ]
  },
  "selectedSceneRelativePath" : "Materials.usda"
}