{
  "advancedEditorSelectedIdentifier" : "ProjectBrowser",
  "openSceneRelativePaths" : [
    "Immersive.usda",
    "Scene.usda",
    "MainImmersive.usda"
  ],
  "recentIdentifiers" : {
    "8DD8B9AC-DD77-42FD-8453-469F62E87E91" : [

    ]
  },
  "sceneCameraHistory" : {
    "8DD8B9AC-DD77-42FD-8453-469F62E87E91" : [
      {
        "date" : 729722393.139286,
        "title" : "Untitled",
        "transform" : [
          0.99999994,
          0,
          0,
          0,
          0,
          0.8660254,
          -0.49999988,
          0,
          0,
          0.49999988,
          0.8660254,
          0,
          -0.059248585,
          0.4982853,
          1.8250281,
          1
        ]
      },
      {
        "date" : 729722391.08818,
        "title" : "Untitled",
        "transform" : [
          0.99999994,
          0,
          0,
          0,
          0,
          0.8660254,
          -0.49999988,
          0,
          0,
          0.49999988,
          0.8660254,
          0,
          -0.09385901,
          0.48810568,
          1.8073963,
          1
        ]
      },
      {
        "date" : 729722256.83481,
        "title" : "Untitled",
        "transform" : [
          0.99999994,
          0,
          0,
          0,
          0,
          0.8660254,
          -0.49999988,
          0,
          0,
          0.49999988,
          0.8660254,
          0,
          -0.14594874,
          1.9152911,
          2.3313637,
          1
        ]
      },
      {
        "date" : 729722227.57985,
        "title" : "Untitled",
        "transform" : [
          0.99999994,
          0,
          0,
          0,
          0,
          0.8660254,
          -0.49999988,
          0,
          0,
          0.49999988,
          0.8660254,
          0,
          0.06363044,
          0.35892358,
          0.2876178,
          1
        ]
      },
      {
        "date" : 729722225.718375,
        "title" : "Untitled",
        "transform" : [
          0.99999994,
          0,
          0,
          0,
          0,
          0.8660254,
          -0.49999988,
          0,
          0,
          0.49999988,
          0.8660254,
          0,
          -0.050107766,
          0.35892358,
          0.2876178,
          1
        ]
      },
      {
        "date" : 729722198.625454,
        "title" : "Untitled",
        "transform" : [
          0.99999994,
          0,
          0,
          0,
          0,
          0.8660254,
          -0.49999988,
          0,
          0,
          0.49999988,
          0.8660254,
          0,
          -0.022217814,
          0.10977018,
          0.43146658,
          1
        ]
      },
      {
        "date" : 729722150.725853,
        "title" : "Untitled",
        "transform" : [
          0.99999994,
          0,
          0,
          0,
          0,
          0.8660254,
          -0.49999988,
          0,
          0,
          0.49999988,
          0.8660254,
          0,
          -0.019257236,
          0.16835272,
          0.39764395,
          1
        ]
      },
      {
        "date" : 729722099.850381,
        "title" : "Untitled",
        "transform" : [
          0.99999994,
          0,
          0,
          0,
          0,
          0.8660254,
          -0.49999988,
          0,
          0,
          0.49999988,
          0.8660254,
          0,
          0.0020118766,
          0.2311157,
          0.3614077,
          1
        ]
      },
      {
        "date" : 729722076.800686,
        "title" : "Untitled",
        "transform" : [
          0.99999994,
          0,
          0,
          0,
          0,
          0.8660254,
          -0.49999988,
          0,
          0,
          0.49999988,
          0.8660254,
          0,
          0.0020118766,
          0.2199738,
          0.34210938,
          1
        ]
      },
      {
        "date" : 729722069.483648,
        "title" : "Untitled",
        "transform" : [
          0.99999994,
          0,
          -0,
          0,
          -0,
          0.8660254,
          -0.49999988,
          0,
          0,
          0.49999988,
          0.8660254,
          0,
          0,
          0.20313117,
          0.35183352,
          1
        ]
      }
    ],
    "AF09ED6F-1707-48FD-8720-65B998362C09" : [
      {
        "date" : 729721417.34605,
        "title" : "Untitled",
        "transform" : [
          0.99999994,
          0,
          -0,
          0,
          -0,
          0.8660248,
          -0.50000113,
          0,
          0,
          0.50000113,
          0.8660248,
          0,
          0,
          3.551791,
          4.0345435,
          1
        ]
      }
    ],
    "D66134B1-3681-4A8E-AFE5-29F257229F3B" : [
      {
        "date" : 729721487.067932,
        "title" : "Untitled",
        "transform" : [
          0.99999994,
          0,
          -0,
          0,
          -0,
          0.8660254,
          -0.49999988,
          0,
          0,
          0.49999988,
          0.8660254,
          0,
          0,
          0.20348327,
          0.35264337,
          1
        ]
      }
    ]
  },
  "selectedSceneRelativePath" : "MainImmersive.usda"
}